Empty puzzle: 070001903002600000000807064000003090201000608960100000640710385008340000723590016


Puzzle:
070001903
002600000
000807064
000003090
201000608
960100000
640710385
008340000
723590016

Solution:
876451923
412639857
395827164
584263791
231975648
967184532
649712385
158346279
723598416

.\build\app\SudokuSolverApp.exe 070001903002600000000807064000003090201000608960100000640710385008340000723590016

Incomplete:
.\build\app\SudokuSolverApp.exe 070001903002600000000807004000003090201000608960100000040010385000340000723590010
